ACETONE;59.04973;59.04129432;59.05816568;1.162790698;nan
ACETIC ACID;61.02899;61.02027157;61.03770843;1.162790698;7
ISOPRENE;69.07047;69.06060279;69.08033721;1.162790698;3.48
MO1;121.06539;121.0480949;121.0826851;1.162790698;10
MO2;123.08105;123.063467;123.098633;1.162790698;10
MO3;125.09671;125.078839;125.114581;1.162790698;10
MO4;127.11237;127.0942111;127.1305289;1.162790698;10
MO5;129.12803;129.1095831;129.1464769;1.162790698;10
MO6;135.08105;135.0617527;135.1003473;1.162790698;10
MO7;137.06031;137.04073;137.07989;1.162790698;10
MO8;137.09671;137.0771248;137.1162952;1.162790698;10
APINENE;137.13311;137.1135196;137.1527004;1.162790698;9
APINENE;81.0705;81.063;81.085;1.162790698;9
MO2;139.07597;139.056102;139.095838;1.162790698;10
MO3;139.11237;139.0924968;139.1322432;1.162790698;10
MO4;141.09163;141.0714741;141.1117859;1.162790698;10
MO5;141.12803;141.1078689;141.1481911;1.162790698;10
MO6;143.10729;143.0868461;143.1277339;1.162790698;10
MO7;145.12295;145.1022182;145.1436819;1.162790698;10
MO8;147.08105;147.0600384;147.1020616;1.162790698;10
MO1;149.09671;149.0754105;149.1180095;1.162790698;10
MO2;151.07597;151.0543877;151.0975523;1.162790698;10
MO3;151.11237;151.0907825;151.1339575;1.162790698;10
MO4;153.05523;153.033365;153.077095;1.162790698;10
MO5;153.09163;153.0697598;153.1135002;1.162790698;10
MO6;153.12803;153.1061546;153.1499054;1.162790698;10
MO7;155.07089;155.048737;155.093043;1.162790698;10
MO8;155.10729;155.0851318;155.1294482;1.162790698;10
MO1;157.08655;157.0641091;157.1089909;1.162790698;10
MO2;157.12295;157.1005039;157.1453961;1.162790698;10
MO3;159.10221;159.0794811;159.1249389;1.162790698;10
MO4;161.11787;161.0948532;161.1408868;1.162790698;10
MO5;163.07597;163.0526734;163.0992666;1.162790698;10
MO6;165.09163;165.0680455;165.1152145;1.162790698;10
MO7;167.07089;167.0470227;167.0947573;1.162790698;10
MO8;167.10729;167.0834175;167.1311625;1.162790698;10
MO1;169.05015;169.026;169.0743;1.162790698;10
MO2;169.08655;169.0623948;169.1107052;1.162790698;10
MO3;169.12295;169.0987896;169.1471104;1.162790698;10
MO4;171.06581;171.041372;171.090248;1.162790698;10
MO5;171.10221;171.0777668;171.1266532;1.162790698;10
MO6;173.08147;173.0567441;173.1061959;1.162790698;10
MO7;173.11787;173.0931389;173.1426011;1.162790698;10
MO8;175.09713;175.0721161;175.1221439;1.162790698;10
MO1;177.11279;177.0874882;177.1380918;1.162790698;10
MO2;179.07089;179.0453084;179.0964716;1.162790698;10
MO3;181.08655;181.0606805;181.1124195;1.162790698;10
MO4;183.06581;183.0396577;183.0919623;1.162790698;10
MO5;183.10221;183.0760525;183.1283675;1.162790698;10
MO6;185.04507;185.018635;185.071505;1.162790698;10
MO7;185.08147;185.0550298;185.1079102;1.162790698;10
MO8;185.11787;185.0914246;185.1443154;1.162790698;10
MO9;187.06073;187.034007;187.087453;1.162790698;10
MO1;187.09713;187.0704018;187.1238582;1.162790698;10
MO2;189.07639;189.0493791;189.1034009;1.162790698;10
MO3;189.11279;189.0857739;189.1398061;1.162790698;10
MO4;191.09205;191.0647511;191.1193489;1.162790698;10
MO5;193.10771;193.0801232;193.1352968;1.162790698;10
MO6;195.06581;195.0379435;195.0936765;1.162790698;10
MO7;197.08147;197.0533155;197.1096245;1.162790698;10
MO8;199.06073;199.0322928;199.0891672;1.162790698;10
MO9;199.09713;199.0686876;199.1255724;1.162790698;10
MO1;201.03999;201.01127;201.06871;1.162790698;10
MO2;201.07639;201.0476648;201.1051152;1.162790698;10
MO3;201.11279;201.0840596;201.1415204;1.162790698;10
MO4;203.05565;203.0266421;203.084658;1.162790698;10
MO5;203.09205;203.0630369;203.1210632;1.162790698;10
MO6;205.07131;205.0420141;205.1006059;1.162790698;10
MO7;205.10771;205.0784089;205.1370111;1.162790698;10
MO8;207.08697;207.0573861;207.1165539;1.162790698;10
MO9;209.10263;209.0727582;209.1325018;1.162790698;10
MO1;211.06073;211.0305785;211.0908815;1.162790698;10
MO2;213.07639;213.0459505;213.1068295;1.162790698;10
MO3;215.05565;215.0249278;215.0863722;1.162790698;10
MO4;215.09205;215.0613226;215.1227774;1.162790698;10
MO5;217.03491;217.003905;217.065915;1.162790698;10
MO6;217.07131;217.0402998;217.1023202;1.162790698;10
MO7;217.10771;217.0766946;217.1387254;1.162790698;10
MO8;219.05057;219.0192771;219.0818629;1.162790698;10
MO9;219.08697;219.0556719;219.1182681;1.162790698;10
MO1;221.06623;221.0346491;221.0978109;1.162790698;10
MO2;221.10263;221.0710439;221.1342161;1.162790698;10
MO3;223.08189;223.0500212;223.1137588;1.162790698;10
MO4;225.09755;225.0653932;225.1297068;1.162790698;10
MO5;225.12803;225.0958689;225.1601911;1.162790698;10
MO6;227.05565;227.0232135;227.0880865;1.162790698;10
MO7;227.14369;227.1112409;227.1761391;1.162790698;10
MO8;229.07131;229.0385855;229.1040345;1.162790698;10
MO9;229.15935;229.126613;229.1920871;1.162790698;10
MO10;231.05057;231.0175628;231.0835772;1.162790698;10
MO1;231.08697;231.0539576;231.1199824;1.162790698;10
MO2;231.17501;231.141985;231.208035;1.162790698;10
MO3;233.02983;232.99654;233.06312;1.162790698;10
MO4;233.06623;233.0329348;233.0995252;1.162790698;10
MO5;233.10263;233.0693296;233.1359304;1.162790698;10
MO6;233.19067;233.157357;233.223983;1.162790698;10
MO7;235.04549;235.0119121;235.0790679;1.162790698;10
MO8;235.08189;235.0483069;235.1154731;1.162790698;10
MO9;235.20633;235.1727291;235.2399309;1.162790698;10
MO10;237.06115;237.0272841;237.0950159;1.162790698;10
MO1;237.09755;237.0636789;237.1314211;1.162790698;10
MO2;237.22199;237.1881011;237.2558789;1.162790698;10
MO3;239.07681;239.0426562;239.1109638;1.162790698;10
MO4;239.14369;239.1095266;239.1778534;1.162790698;10
MO5;239.23765;239.2034732;239.2718268;1.162790698;10
MO6;241.09247;241.0580282;241.1269118;1.162790698;10
MO7;241.12295;241.0885039;241.1573961;1.162790698;10
MO8;241.15935;241.1248987;241.1938013;1.162790698;10
MO9;241.25331;241.2188452;241.2877748;1.162790698;10
MO10;243.05057;243.0158485;243.0852915;1.162790698;10
MO0;243.13861;243.1038759;243.1733441;1.162790698;10
MO1;243.17501;243.1402707;243.2097493;1.162790698;10
MO2;245.06623;245.0312205;245.1012395;1.162790698;10
MO3;245.15427;245.119248;245.189292;1.162790698;10
MO4;245.19067;245.1556428;245.2256972;1.162790698;10
MO5;247.04549;247.0101978;247.0807822;1.162790698;10
MO6;247.08189;247.0465926;247.1171874;1.162790698;10
MO7;247.16993;247.13462;247.20524;1.162790698;10
MO8;247.20633;247.1710148;247.2416452;1.162790698;10
MO9;249.06115;249.0255698;249.0967302;1.162790698;10
MO10;249.09755;249.0619646;249.1331354;1.162790698;10
DO1;249.18559;249.1499921;249.2211879;1.162790698;10
DO2;249.22199;249.1863869;249.2575931;1.162790698;10
DO3;251.07681;251.0409419;251.1126781;1.162790698;10
DO4;251.14369;251.1078123;251.1795677;1.162790698;10
DO5;251.20125;251.1653641;251.2371359;1.162790698;10
DO6;251.23765;251.2017589;251.2735411;1.162790698;10
DO7;253.09247;253.0563139;253.1286261;1.162790698;10
DO8;253.15935;253.1231844;253.1955156;1.162790698;10
DO9;253.21691;253.1807362;253.2530838;1.162790698;10
DO10;253.25331;253.217131;253.289489;1.162790698;10
DO11;255.13861;255.1021616;255.1750584;1.162790698;10
DO12;255.17501;255.1385564;255.2114636;1.162790698;10
DO13;255.23257;255.1961082;255.2690318;1.162790698;10
DO14;257.11787;257.0811389;257.1546011;1.162790698;10
DO15;257.15427;257.1175337;257.1910063;1.162790698;10
DO16;257.19067;257.1539285;257.2274115;1.162790698;10
DO1;257.24823;257.2114803;257.2849797;1.162790698;10
DO2;259.04549;259.0084835;259.0824965;1.162790698;10
DO3;259.13353;259.0965109;259.1705491;1.162790698;10
DO4;259.16993;259.1329057;259.2069543;1.162790698;10
DO5;259.20633;259.1693005;259.2433595;1.162790698;10
DO6;261.06115;261.0238556;261.0984445;1.162790698;10
DO7;261.14919;261.111883;261.186497;1.162790698;10
DO8;261.18559;261.1482778;261.2229022;1.162790698;10
DO9;261.22199;261.1846726;261.2593074;1.162790698;10
DO10;263.04041;263.0028328;263.0779872;1.162790698;10
DO11;263.07681;263.0392276;263.1143924;1.162790698;10
DO12;263.16485;263.127255;263.202445;1.162790698;10
DO13;263.20125;263.1636498;263.2388502;1.162790698;10
DO14;263.23765;263.2000446;263.2752554;1.162790698;10
DO15;265.05607;265.0182048;265.0939352;1.162790698;10
DO16;265.09247;265.0545996;265.1303404;1.162790698;10
DO1;265.15935;265.1214701;265.1972299;1.162790698;10
DO2;265.18051;265.1426271;265.2183929;1.162790698;10
DO3;265.21691;265.1790219;265.2547981;1.162790698;10
DO4;265.25331;265.2154167;265.2912033;1.162790698;10
DO5;267.07173;267.0335769;267.1098831;1.162790698;10
DO6;267.13861;267.1004473;267.1767727;1.162790698;10
DO7;267.17501;267.1368421;267.2131779;1.162790698;10
DO8;267.19617;267.1579991;267.2343409;1.162790698;10
DO9;267.23257;267.1943939;267.2707461;1.162790698;10
DO10;269.08739;269.0489489;269.1258311;1.162790698;10
DO11;269.15427;269.1158194;269.1927206;1.162790698;10
DO12;269.19067;269.1522142;269.2291258;1.162790698;10
DO13;269.21183;269.1733712;269.2502888;1.162790698;10
DO14;269.24823;269.209766;269.286694;1.162790698;10
DO15;271.13353;271.0947966;271.1722634;1.162790698;10
DO16;271.16993;271.1311914;271.2086686;1.162790698;10
DO1;271.20633;271.1675862;271.2450738;1.162790698;10
DO2;271.22749;271.1887432;271.2662368;1.162790698;10
DO3;273.11279;273.0737739;273.1518061;1.162790698;10
DO4;273.14919;273.1101687;273.1882113;1.162790698;10
DO5;273.18559;273.1465635;273.2246165;1.162790698;10
DO6;273.22199;273.1829583;273.2610217;1.162790698;10
DO7;273.24315;273.2041153;273.2821847;1.162790698;10
DO8;275.04041;275.0011185;275.0797015;1.162790698;10
DO9;275.12845;275.0891459;275.1677541;1.162790698;10
DO10;275.16485;275.1255407;275.2041593;1.162790698;10
DO11;275.20125;275.1619355;275.2405645;1.162790698;10
DO12;275.23765;275.1983303;275.2769697;1.162790698;10
DO13;277.05607;277.0164906;277.0956494;1.162790698;10
DO14;277.14411;277.104518;277.183702;1.162790698;10
DO15;277.15935;277.1197558;277.1989442;1.162790698;10
DO16;277.18051;277.1409128;277.2201072;1.162790698;10
DO1;277.21691;277.1773076;277.2565124;1.162790698;10
DO2;277.25331;277.2137024;277.2929176;1.162790698;10
DO3;279.07173;279.0318626;279.1115974;1.162790698;10
DO4;279.15977;279.11989;279.19965;1.162790698;10
DO5;279.17501;279.1351279;279.2148921;1.162790698;10
DO6;279.19617;279.1562848;279.2360552;1.162790698;10
DO7;279.23257;279.1926796;279.2724604;1.162790698;10
DO8;281.08739;281.0472347;281.1275453;1.162790698;10
DO9;281.15427;281.1141051;281.1944349;1.162790698;10
DO10;281.17543;281.1352621;281.2155979;1.162790698;10
DO11;281.19067;281.1504999;281.2308401;1.162790698;10
DO12;281.21183;281.1716569;281.2520031;1.162790698;10
DO13;281.24823;281.2080517;281.2884083;1.162790698;10
DO14;283.13353;283.0930824;283.1739776;1.162790698;10
DO15;283.16993;283.1294772;283.2103828;1.162790698;10
DO16;283.19109;283.1506341;283.2315459;1.162790698;10
DO1;283.20633;283.165872;283.246788;1.162790698;10
DO2;283.22749;283.1870289;283.2679511;1.162790698;10
DO3;285.14919;285.1084544;285.1899256;1.162790698;10
DO4;285.18559;285.1448492;285.2263308;1.162790698;10
DO5;285.20675;285.1660062;285.2474938;1.162790698;10
DO6;285.22199;285.181244;285.262736;1.162790698;10
DO7;285.24315;285.202401;285.283899;1.162790698;10
DO8;287.12845;287.0874317;287.1694684;1.162790698;10
DO9;287.16485;287.1238265;287.2058736;1.162790698;10
DO10;287.20125;287.1602213;287.2422788;1.162790698;10
DO11;287.22241;287.1813782;287.2634418;1.162790698;10
DO12;287.23765;287.1966161;287.278684;1.162790698;10
DO13;289.10771;289.0664089;289.1490111;1.162790698;10
DO14;289.14411;289.1028037;289.1854163;1.162790698;10
DO15;289.18051;289.1391985;289.2218215;1.162790698;10
DO16;289.21691;289.1755933;289.2582267;1.162790698;10
DO1;289.23807;289.1967503;289.2793897;1.162790698;10
DO2;289.25331;289.2119881;289.2946319;1.162790698;10
DO3;291.03533;290.9937535;291.0769065;1.162790698;10
DO4;291.12337;291.0817809;291.1649591;1.162790698;10
DO5;291.15977;291.1181757;291.2013643;1.162790698;10
DO6;291.19617;291.1545705;291.2377695;1.162790698;10
DO7;291.23257;291.1909653;291.2741747;1.162790698;10
DO8;293.05099;293.0091256;293.0928544;1.162790698;10
DO9;293.13903;293.097153;293.180907;1.162790698;10
DO10;293.15427;293.1123908;293.1961492;1.162790698;10
DO11;293.17543;293.1335478;293.2173122;1.162790698;10
DO12;293.21183;293.1699426;293.2537174;1.162790698;10
DO13;293.24823;293.2063374;293.2901226;1.162790698;10
DO14;295.06665;295.0244976;295.1088024;1.162790698;10
DO15;295.15469;295.112525;295.196855;1.162790698;10
DO16;295.16993;295.1277629;295.2120971;1.162790698;10
DO1;295.19109;295.1489198;295.2332602;1.162790698;10
DO2;295.22749;295.1853146;295.2696654;1.162790698;10
DO3;297.08231;297.0398697;297.1247503;1.162790698;10
DO4;297.14919;297.1067401;297.1916399;1.162790698;10
DO5;297.17035;297.1278971;297.2128029;1.162790698;10
DO6;297.18559;297.1431349;297.2280451;1.162790698;10
DO7;297.20675;297.1642919;297.2492081;1.162790698;10
DO8;297.24315;297.2006867;297.2856133;1.162790698;10
DO9;299.12845;299.0857174;299.1711826;1.162790698;10
DO10;299.16485;299.1221122;299.2075878;1.162790698;10
DO11;299.18601;299.1432691;299.2287509;1.162790698;10
DO12;299.20125;299.158507;299.243993;1.162790698;10
DO13;299.22241;299.1796639;299.2651561;1.162790698;10
DO14;301.14411;301.1010894;301.1871306;1.162790698;10
DO15;301.18051;301.1374842;301.2235358;1.162790698;10
DO16;301.20167;301.1586412;301.2446988;1.162790698;10
DO1;301.21691;301.173879;301.259941;1.162790698;10
DO2;301.23807;301.195036;301.281104;1.162790698;10
DO3;303.12337;303.0800667;303.1666733;1.162790698;10
DO4;303.15977;303.1164615;303.2030785;1.162790698;10
DO5;303.19617;303.1528563;303.2394837;1.162790698;10
DO6;303.21733;303.1740132;303.2606468;1.162790698;10
DO7;303.23257;303.1892511;303.2758889;1.162790698;10
DO8;305.10263;305.0590439;305.1462161;1.162790698;10
DO9;305.13903;305.0954387;305.1826213;1.162790698;10
DO10;305.17543;305.1318335;305.2190265;1.162790698;10
DO11;305.21183;305.1682283;305.2554317;1.162790698;10
DO12;305.23299;305.1893853;305.2765947;1.162790698;10
DO13;305.24823;305.2046231;305.2918369;1.162790698;10
DO14;307.11829;307.074416;307.162164;1.162790698;10
DO15;307.15469;307.1108108;307.1985692;1.162790698;10
DO16;307.19109;307.1472056;307.2349744;1.162790698;10
DO1;307.22749;307.1836004;307.2713796;1.162790698;10
DO2;309.13395;309.089788;309.178112;1.162790698;10
DO3;309.14919;309.1050258;309.1933542;1.162790698;10
DO4;309.17035;309.1261828;309.2145172;1.162790698;10
DO5;309.20675;309.1625776;309.2509224;1.162790698;10
DO6;309.24315;309.1989724;309.2873276;1.162790698;10
DO7;311.14961;311.1051601;311.1940599;1.162790698;10
DO8;311.16485;311.1203979;311.2093021;1.162790698;10
DO9;311.18601;311.1415549;311.2304651;1.162790698;10
DO10;311.22241;311.1779497;311.2668703;1.162790698;10
DO11;313.14411;313.0993751;313.1888449;1.162790698;10
DO12;313.16527;313.1205321;313.2100079;1.162790698;10
DO13;313.18051;313.1357699;313.2252501;1.162790698;10
DO14;313.20167;313.1569269;313.2464131;1.162790698;10
DO15;313.23807;313.1933217;313.2828183;1.162790698;10
DO16;315.12337;315.0783524;315.1683876;1.162790698;10
DO17;315.15977;315.1147472;315.2047928;1.162790698;10
DO1;315.18093;315.1359042;315.2259558;1.162790698;10
DO2;315.19617;315.151142;315.241198;1.162790698;10
DO3;315.21733;315.172299;315.262361;1.162790698;10
DO4;317.13903;317.0937244;317.1843356;1.162790698;10
DO5;317.17543;317.1301192;317.2207408;1.162790698;10
DO6;317.19659;317.1512762;317.2419038;1.162790698;10
DO7;317.21183;317.166514;317.257146;1.162790698;10
DO8;317.23299;317.187671;317.278309;1.162790698;10
DO9;319.11829;319.0727017;319.1638783;1.162790698;10
DO10;319.15469;319.1090965;319.2002835;1.162790698;10
DO11;319.19109;319.1454913;319.2366887;1.162790698;10
DO12;319.21225;319.1666483;319.2578518;1.162790698;10
DO13;319.22749;319.1818861;319.2730939;1.162790698;10
DO14;321.09755;321.0516789;321.1434211;1.162790698;10
DO15;321.13395;321.0880737;321.1798263;1.162790698;10
DO16;321.17035;321.1244685;321.2162315;1.162790698;10
DO17;321.20675;321.1608633;321.2526367;1.162790698;10
DO1;321.22791;321.1820203;321.2737997;1.162790698;10
DO2;321.24315;321.1972581;321.2890419;1.162790698;10
DO3;323.11321;323.067051;323.159369;1.162790698;10
DO4;323.14961;323.1034458;323.1957742;1.162790698;10
DO5;323.18601;323.1398406;323.2321794;1.162790698;10
DO6;323.22241;323.1762354;323.2685846;1.162790698;10
DO7;325.12887;325.082423;325.175317;1.162790698;10
DO8;325.14411;325.0976608;325.1905592;1.162790698;10
DO9;325.16527;325.1188178;325.2117222;1.162790698;10
DO10;325.20167;325.1552126;325.2481274;1.162790698;10
DO11;325.23807;325.1916074;325.2845326;1.162790698;10
DO12;327.14453;327.0977951;327.1912649;1.162790698;10
DO13;327.15977;327.1130329;327.2065071;1.162790698;10
DO14;327.18093;327.1341899;327.2276701;1.162790698;10
DO15;327.21733;327.1705847;327.2640753;1.162790698;10
DO16;329.13903;329.0920101;329.1860499;1.162790698;10
DO17;329.16019;329.1131671;329.2072129;1.162790698;10
DO1;329.17543;329.1284049;329.2224551;1.162790698;10
DO2;329.19659;329.1495619;329.2436181;1.162790698;10
DO3;329.23299;329.1859567;329.2800233;1.162790698;10
DO4;331.11829;331.0709874;331.1655926;1.162790698;10
DO5;331.15469;331.1073822;331.2019978;1.162790698;10
DO6;331.17585;331.1285392;331.2231608;1.162790698;10
DO7;331.19109;331.143777;331.238403;1.162790698;10
DO8;331.21225;331.164934;331.259566;1.162790698;10
DO9;333.13395;333.0863594;333.1815406;1.162790698;10
DO10;333.17035;333.1227542;333.2179458;1.162790698;10
DO11;333.19151;333.1439112;333.2391088;1.162790698;10
DO12;333.20675;333.159149;333.254351;1.162790698;10
DO13;333.22791;333.180306;333.275514;1.162790698;10
DO14;335.11321;335.0653367;335.1610833;1.162790698;10
DO15;335.14961;335.1017315;335.1974885;1.162790698;10
DO16;335.18601;335.1381263;335.2338937;1.162790698;10
DO17;335.20717;335.1592833;335.2550567;1.162790698;10
DO1;335.22241;335.1745211;335.2702989;1.162790698;10
DO2;337.09247;337.0443139;337.1406261;1.162790698;10
DO3;337.12887;337.0807087;337.1770313;1.162790698;10
DO4;337.16527;337.1171035;337.2134365;1.162790698;10
DO5;337.20167;337.1534983;337.2498417;1.162790698;10
DO6;337.22283;337.1746553;337.2710047;1.162790698;10
DO7;337.23807;337.1898931;337.2862469;1.162790698;10
DO8;339.10813;339.059686;339.156574;1.162790698;10
DO9;339.14453;339.0960808;339.1929792;1.162790698;10
DO10;339.18093;339.1324756;339.2293844;1.162790698;10
DO11;339.21733;339.1688704;339.2657896;1.162790698;10
DO12;341.12379;341.075058;341.172522;1.162790698;10
DO13;341.13903;341.0902959;341.1877641;1.162790698;10
DO14;341.16019;341.1114528;341.2089272;1.162790698;10
DO15;341.19659;341.1478476;341.2453324;1.162790698;10
DO16;341.23299;341.1842424;341.2817376;1.162790698;10
DO17;343.13945;343.0904301;343.1884699;1.162790698;10
DO1;343.15469;343.1056679;343.2037121;1.162790698;10
DO2;343.17585;343.1268249;343.2248751;1.162790698;10
DO3;343.21225;343.1632197;343.2612803;1.162790698;10
DO4;345.13395;345.0846452;345.1832549;1.162790698;10
DO5;345.15511;345.1058021;345.2044179;1.162790698;10
DO6;345.17035;345.12104;345.2196601;1.162790698;10
DO7;345.19151;345.1421969;345.2408231;1.162790698;10
DO8;345.22791;345.1785917;345.2772283;1.162790698;10
DO9;347.11321;347.0636224;347.1627976;1.162790698;10
DO10;347.14961;347.1000172;347.1992028;1.162790698;10
DO11;347.17077;347.1211742;347.2203658;1.162790698;10
DO12;347.18601;347.136412;347.235608;1.162790698;10
DO13;347.20717;347.157569;347.256771;1.162790698;10
DO14;349.12887;349.0789944;349.1787456;1.162790698;10
DO15;349.16527;349.1153892;349.2151508;1.162790698;10
DO16;349.18643;349.1365462;349.2363138;1.162790698;10
DO17;349.20167;349.151784;349.251556;1.162790698;10
DO1;349.22283;349.172941;349.272719;1.162790698;10
DO2;351.10813;351.0579717;351.1582883;1.162790698;10
DO3;351.14453;351.0943665;351.1946935;1.162790698;10
DO4;351.18093;351.1307613;351.2310987;1.162790698;10
DO5;351.20209;351.1519183;351.2522617;1.162790698;10
DO6;351.21733;351.1671561;351.2675039;1.162790698;10
DO7;353.08739;353.0369489;353.1378311;1.162790698;10
DO8;353.12379;353.0733437;353.1742363;1.162790698;10
DO9;353.16019;353.1097385;353.2106415;1.162790698;10
DO10;353.19659;353.1461333;353.2470467;1.162790698;10
DO11;353.21775;353.1672903;353.2682097;1.162790698;10
DO12;353.23299;353.1825281;353.2834519;1.162790698;10
DO13;355.10305;355.052321;355.153779;1.162790698;10
DO14;355.13945;355.0887158;355.1901842;1.162790698;10
DO15;355.17585;355.1251106;355.2265894;1.162790698;10
DO16;355.21225;355.1615054;355.2629946;1.162790698;10
DO17;357.11871;357.067693;357.169727;1.162790698;10
DO1;357.13395;357.0829309;357.1849691;1.162790698;10
DO2;357.15511;357.1040878;357.2061322;1.162790698;10
DO3;357.19151;357.1404826;357.2425374;1.162790698;10
DO4;357.22791;357.1768774;357.2789426;1.162790698;10
DO5;359.13437;359.0830651;359.1856749;1.162790698;10
DO6;359.14961;359.0983029;359.2009171;1.162790698;10
DO7;359.17077;359.1194599;359.2220801;1.162790698;10
DO8;359.20717;359.1558547;359.2584853;1.162790698;10
DO9;361.12887;361.0772802;361.1804598;1.162790698;10
DO10;361.15003;361.0984371;361.2016229;1.162790698;10
DO11;361.16527;361.113675;361.216865;1.162790698;10
DO12;361.18643;361.1348319;361.2380281;1.162790698;10
DO13;361.22283;361.1712267;361.2744333;1.162790698;10
DO14;363.10813;363.0562574;363.1600026;1.162790698;10
DO15;363.14453;363.0926522;363.1964078;1.162790698;10
DO16;363.16569;363.1138092;363.2175708;1.162790698;10
DO17;363.18093;363.129047;363.232813;1.162790698;10
DO1;363.20209;363.150204;363.253976;1.162790698;10
DO2;365.12379;365.0716295;365.1759505;1.162790698;10
DO3;365.16019;365.1080243;365.2123557;1.162790698;10
DO4;365.18135;365.1291812;365.2335188;1.162790698;10
DO5;365.19659;365.1444191;365.2487609;1.162790698;10
DO6;365.21775;365.165576;365.269924;1.162790698;10
DO7;367.10305;367.0506067;367.1554933;1.162790698;10
DO8;367.13945;367.0870015;367.1918985;1.162790698;10
DO9;367.17585;367.1233963;367.2283037;1.162790698;10
DO10;367.19701;367.1445533;367.2494667;1.162790698;10
DO11;367.21225;367.1597911;367.2647089;1.162790698;10
DO12;369.08231;369.029584;369.135036;1.162790698;10
DO13;369.11871;369.0659788;369.1714412;1.162790698;10
DO14;369.15511;369.1023736;369.2078464;1.162790698;10
DO15;369.19151;369.1387684;369.2442516;1.162790698;10
DO16;369.21267;369.1599253;369.2654147;1.162790698;10
DO17;369.22791;369.1751632;369.2806568;1.162790698;10
DO18;371.09797;371.044956;371.150984;1.162790698;10
DO1;371.13437;371.0813508;371.1873892;1.162790698;10
DO2;371.17077;371.1177456;371.2237944;1.162790698;10
DO3;371.20717;371.1541404;371.2601996;1.162790698;10
DO4;373.11363;373.0603281;373.1669319;1.162790698;10
DO5;373.12887;373.0755659;373.1821741;1.162790698;10
DO6;373.15003;373.0967229;373.2033371;1.162790698;10
DO7;373.18643;373.1331177;373.2397423;1.162790698;10
DO8;373.22283;373.1695125;373.2761475;1.162790698;10
DO9;375.12929;375.0757001;375.1828799;1.162790698;10
DO10;375.14453;375.0909379;375.1981221;1.162790698;10
DO11;375.16569;375.1120949;375.2192851;1.162790698;10
DO12;375.20209;375.1484897;375.2556903;1.162790698;10
DO13;377.12379;377.0699152;377.1776648;1.162790698;10
DO14;377.14495;377.0910722;377.1988279;1.162790698;10
DO15;377.16019;377.10631;377.21407;1.162790698;10
DO16;377.18135;377.127467;377.2352331;1.162790698;10
DO17;377.21775;377.1638618;377.2716383;1.162790698;10
DO18;379.10305;379.0488924;379.1572076;1.162790698;10
DO1;379.13945;379.0852872;379.1936128;1.162790698;10
DO2;379.16061;379.1064442;379.2147758;1.162790698;10
DO3;379.17585;379.121682;379.230018;1.162790698;10
DO4;379.19701;379.142839;379.251181;1.162790698;10
DO5;381.11871;381.0642645;381.1731555;1.162790698;10
DO6;381.15511;381.1006593;381.2095607;1.162790698;10
DO7;381.17627;381.1218162;381.2307238;1.162790698;10
DO8;381.19151;381.1370541;381.2459659;1.162790698;10
DO9;381.21267;381.158211;381.267129;1.162790698;10
DO10;383.09797;383.0432417;383.1526983;1.162790698;10
DO11;383.13437;383.0796365;383.1891035;1.162790698;10
DO12;383.17077;383.1160313;383.2255087;1.162790698;10
DO13;383.19193;383.1371883;383.2466717;1.162790698;10
DO14;383.20717;383.1524261;383.2619139;1.162790698;10
DO15;385.07723;385.022219;385.132241;1.162790698;10
DO16;385.11363;385.0586138;385.1686462;1.162790698;10
DO17;385.15003;385.0950086;385.2050514;1.162790698;10
DO18;385.18643;385.1314034;385.2414566;1.162790698;10
DO1;385.20759;385.1525603;385.2626197;1.162790698;10
DO2;385.22283;385.1677982;385.2778618;1.162790698;10
DO3;387.09289;387.037591;387.148189;1.162790698;10
DO4;387.12929;387.0739858;387.1845942;1.162790698;10
DO5;387.16569;387.1103806;387.2209994;1.162790698;10
DO6;387.20209;387.1467754;387.2574046;1.162790698;10
DO7;389.10855;389.0529631;389.1641369;1.162790698;10
DO8;389.12379;389.0682009;389.1793791;1.162790698;10
DO9;389.14495;389.0893579;389.2005421;1.162790698;10
DO10;389.18135;389.1257527;389.2369473;1.162790698;10
DO11;389.21775;389.1621475;389.2733525;1.162790698;10
DO12;391.12421;391.0683351;391.1800849;1.162790698;10
DO13;391.13945;391.0835729;391.1953271;1.162790698;10
DO14;391.16061;391.1047299;391.2164901;1.162790698;10
DO15;391.19701;391.1411247;391.2528953;1.162790698;10
DO16;393.11871;393.0625502;393.1748698;1.162790698;10
DO17;393.13987;393.0837072;393.1960328;1.162790698;10
DO18;393.15511;393.098945;393.211275;1.162790698;10
DO1;393.17627;393.120102;393.232438;1.162790698;10
DO2;393.21267;393.1564968;393.2688432;1.162790698;10
DO3;395.09797;395.0415274;395.1544126;1.162790698;10
DO4;395.13437;395.0779222;395.1908178;1.162790698;10
DO5;395.15553;395.0990792;395.2119808;1.162790698;10
DO6;395.17077;395.114317;395.227223;1.162790698;10
DO7;395.19193;395.135474;395.248386;1.162790698;10
DO8;397.11363;397.0568995;397.1703605;1.162790698;10
DO9;397.15003;397.0932943;397.2067657;1.162790698;10
DO10;397.17119;397.1144513;397.2279287;1.162790698;10
DO11;397.18643;397.1296891;397.2431709;1.162790698;10
DO12;397.20759;397.1508461;397.2643339;1.162790698;10
DO13;399.09289;399.0358767;399.1499033;1.162790698;10
DO14;399.12929;399.0722715;399.1863085;1.162790698;10
DO15;399.16569;399.1086663;399.2227137;1.162790698;10
DO16;399.18685;399.1298233;399.2438767;1.162790698;10
DO17;399.20209;399.1450611;399.2591189;1.162790698;10
DO18;401.07215;401.014854;401.129446;1.162790698;10
DO1;401.10855;401.0512488;401.1658512;1.162790698;10
DO2;401.14495;401.0876436;401.2022564;1.162790698;10
DO3;401.18135;401.1240384;401.2386616;1.162790698;10
DO4;401.20251;401.1451954;401.2598246;1.162790698;10
DO5;401.21775;401.1604332;401.2750668;1.162790698;10
DO6;403.08781;403.030226;403.145394;1.162790698;10
DO7;403.12421;403.0666208;403.1817992;1.162790698;10
DO8;403.16061;403.1030156;403.2182044;1.162790698;10
DO9;403.19701;403.1394104;403.2546096;1.162790698;10
DO10;405.10347;405.0455981;405.1613419;1.162790698;10
DO11;405.11871;405.0608359;405.1765841;1.162790698;10
DO12;405.13987;405.0819929;405.1977471;1.162790698;10
DO13;405.17627;405.1183877;405.2341523;1.162790698;10
DO14;405.21267;405.1547825;405.2705575;1.162790698;10
DO15;407.11913;407.0609701;407.1772899;1.162790698;10
DO16;407.13437;407.0762079;407.1925321;1.162790698;10
DO17;407.15553;407.0973649;407.2136951;1.162790698;10
DO18;407.19193;407.1337597;407.2501003;1.162790698;10
DO1;409.11363;409.0551852;409.1720748;1.162790698;10
DO2;409.13479;409.0763422;409.1932378;1.162790698;10
DO3;409.15003;409.09158;409.20848;1.162790698;10
DO4;409.17119;409.112737;409.229643;1.162790698;10
DO5;409.20759;409.1491318;409.2660482;1.162790698;10
DO6;411.09289;411.0341624;411.1516176;1.162790698;10
DO7;411.12929;411.0705572;411.1880228;1.162790698;10
DO8;411.15045;411.0917142;411.2091858;1.162790698;10
DO9;411.16569;411.106952;411.224428;1.162790698;10
DO10;411.18685;411.128109;411.245591;1.162790698;10
DO11;413.10855;413.0495345;413.1675655;1.162790698;10
DO12;413.14495;413.0859293;413.2039707;1.162790698;10
DO13;413.16611;413.1070863;413.2251337;1.162790698;10
DO14;413.18135;413.1223241;413.2403759;1.162790698;10
DO15;413.20251;413.1434811;413.2615389;1.162790698;10
DO16;415.08781;415.0285117;415.1471083;1.162790698;10
DO17;415.12421;415.0649065;415.1835135;1.162790698;10
DO18;415.16061;415.1013013;415.2199187;1.162790698;10
DO1;415.18177;415.1224583;415.2410817;1.162790698;10
DO2;415.19701;415.1376961;415.2563239;1.162790698;10
DO3;417.06707;417.007489;417.126651;1.162790698;10
DO4;417.10347;417.0438838;417.1630562;1.162790698;10
DO5;417.13987;417.0802786;417.1994614;1.162790698;10
DO6;417.17627;417.1166734;417.2358666;1.162790698;10
DO7;417.19743;417.1378304;417.2570296;1.162790698;10
DO8;417.21267;417.1530682;417.2722718;1.162790698;10
DO9;419.08273;419.022861;419.142599;1.162790698;10
DO10;419.11913;419.0592558;419.1790042;1.162790698;10
DO11;419.15553;419.0956506;419.2154094;1.162790698;10
DO12;419.19193;419.1320454;419.2518146;1.162790698;10
DO13;421.09839;421.0382331;421.1585469;1.162790698;10
DO14;421.11363;421.0534709;421.1737891;1.162790698;10
DO15;421.13479;421.0746279;421.1949521;1.162790698;10
DO16;421.17119;421.1110227;421.2313573;1.162790698;10
DO17;421.20759;421.1474175;421.2677625;1.162790698;10
DO18;423.11405;423.0536051;423.1744949;1.162790698;10
DO1;423.12929;423.068843;423.189737;1.162790698;10
DO2;423.15045;423.0899999;423.2109001;1.162790698;10
DO3;423.18685;423.1263947;423.2473053;1.162790698;10
DO4;425.10855;425.0478202;425.1692798;1.162790698;10
DO5;425.12971;425.0689772;425.1904428;1.162790698;10
DO6;425.14495;425.084215;425.205685;1.162790698;10
DO7;425.16611;425.105372;425.226848;1.162790698;10
DO8;425.20251;425.1417668;425.2632532;1.162790698;10
DO9;427.08781;427.0267975;427.1488225;1.162790698;10
DO10;427.12421;427.0631923;427.1852277;1.162790698;10
DO11;427.14537;427.0843492;427.2063908;1.162790698;10
DO12;427.16061;427.0995871;427.2216329;1.162790698;10
DO13;427.18177;427.120744;427.242796;1.162790698;10
DO14;429.10347;429.0421695;429.1647705;1.162790698;10
DO15;429.13987;429.0785643;429.2011757;1.162790698;10
DO16;429.16103;429.0997213;429.2223387;1.162790698;10
DO17;429.17627;429.1149591;429.2375809;1.162790698;10
DO18;429.19743;429.1361161;429.2587439;1.162790698;10
DO19;431.08273;431.0211468;431.1443132;1.162790698;10
DO1;431.11913;431.0575416;431.1807184;1.162790698;10
DO2;431.15553;431.0939364;431.2171236;1.162790698;10
DO3;431.17669;431.1150933;431.2382867;1.162790698;10
DO4;431.19193;431.1303312;431.2535288;1.162790698;10
DO5;433.06199;433.000124;433.123856;1.162790698;10
DO6;433.09839;433.0365188;433.1602612;1.162790698;10
DO7;433.13479;433.0729136;433.1966664;1.162790698;10
DO8;433.17119;433.1093084;433.2330716;1.162790698;10
DO9;433.19235;433.1304654;433.2542346;1.162790698;10
DO10;433.20759;433.1457032;433.2694768;1.162790698;10
DO11;435.07765;435.0154961;435.139804;1.162790698;10
DO12;435.11405;435.0518909;435.1762092;1.162790698;10
DO13;435.15045;435.0882857;435.2126144;1.162790698;10
DO14;435.18685;435.1246805;435.2490196;1.162790698;10
DO15;437.09331;437.0308681;437.1557519;1.162790698;10
DO16;437.10855;437.0461059;437.1709941;1.162790698;10
DO17;437.12971;437.0672629;437.1921571;1.162790698;10
DO18;437.16611;437.1036577;437.2285623;1.162790698;10
DO19;437.20251;437.1400525;437.2649675;1.162790698;10
DO1;439.10897;439.0462401;439.1716999;1.162790698;10
DO2;439.12421;439.061478;439.186942;1.162790698;10
DO3;439.14537;439.0826349;439.2081051;1.162790698;10
DO4;439.18177;439.1190297;439.2445103;1.162790698;10
DO5;441.10347;441.0404552;441.1664848;1.162790698;10
DO6;441.12463;441.0616122;441.1876478;1.162790698;10
DO7;441.13987;441.07685;441.20289;1.162790698;10
DO8;441.16103;441.098007;441.224053;1.162790698;10
DO9;441.19743;441.1344018;441.2604582;1.162790698;10
DO10;443.08273;443.0194325;443.1460275;1.162790698;10
DO11;443.11913;443.0558273;443.1824327;1.162790698;10
DO12;443.14029;443.0769842;443.2035958;1.162790698;10
DO13;443.15553;443.0922221;443.2188379;1.162790698;10
DO14;443.17669;443.113379;443.240001;1.162790698;10
DO15;445.09839;445.0348045;445.1619755;1.162790698;10
DO16;445.13479;445.0711993;445.1983807;1.162790698;10
DO17;445.15595;445.0923563;445.2195437;1.162790698;10
DO18;445.17119;445.1075941;445.2347859;1.162790698;10
DO19;445.19235;445.1287511;445.2559489;1.162790698;10
DO1;447.07765;447.0137818;447.1415182;1.162790698;10
DO2;447.11405;447.0501766;447.1779234;1.162790698;10
DO3;447.15045;447.0865714;447.2143286;1.162790698;10
DO4;447.17161;447.1077283;447.2354917;1.162790698;10
DO5;447.18685;447.1229662;447.2507338;1.162790698;10
DO6;449.05691;448.992759;449.121061;1.162790698;10
DO7;449.09331;449.0291538;449.1574662;1.162790698;10
DO8;449.12971;449.0655486;449.1938714;1.162790698;10
DO9;449.16611;449.1019434;449.2302766;1.162790698;10
DO10;449.18727;449.1231004;449.2514396;1.162790698;10
DO11;449.20251;449.1383382;449.2666818;1.162790698;10
DO12;451.07257;451.0081311;451.1370089;1.162790698;10
DO13;451.10897;451.0445259;451.1734141;1.162790698;10
DO14;451.14537;451.0809207;451.2098193;1.162790698;10
DO15;451.18177;451.1173155;451.2462245;1.162790698;10
DO16;453.08823;453.0235031;453.1529569;1.162790698;10
DO17;453.10347;453.0387409;453.1681991;1.162790698;10
DO18;453.12463;453.0598979;453.1893621;1.162790698;10
DO19;453.16103;453.0962927;453.2257673;1.162790698;10
DO1;453.19743;453.1326875;453.2621725;1.162790698;10
DO2;455.10389;455.0388752;455.1689048;1.162790698;10
DO3;455.11913;455.054113;455.184147;1.162790698;10
DO4;455.14029;455.07527;455.20531;1.162790698;10
DO5;455.17669;455.1116648;455.2417152;1.162790698;10
DO6;457.09839;457.0330902;457.1636898;1.162790698;10
DO7;457.11955;457.0542472;457.1848528;1.162790698;10
DO8;457.13479;457.069485;457.200095;1.162790698;10
DO9;457.15595;457.090642;457.221258;1.162790698;10
DO10;457.19235;457.1270368;457.2576632;1.162790698;10
DO11;459.07765;459.0120675;459.1432325;1.162790698;10
DO12;459.11405;459.0484623;459.1796377;1.162790698;10
DO13;459.13521;459.0696193;459.2008007;1.162790698;10
DO14;459.15045;459.0848571;459.2160429;1.162790698;10
DO15;459.17161;459.1060141;459.2372059;1.162790698;10
DO16;461.09331;461.0274395;461.1591805;1.162790698;10
DO17;461.12971;461.0638343;461.1955857;1.162790698;10
DO18;461.15087;461.0849913;461.2167487;1.162790698;10
DO19;461.16611;461.1002291;461.2319909;1.162790698;10
DO1;461.18727;461.1213861;461.2531539;1.162790698;10
DO2;463.07257;463.0064168;463.1387232;1.162790698;10
DO3;463.10897;463.0428116;463.1751284;1.162790698;10
DO4;463.14537;463.0792064;463.2115336;1.162790698;10
DO5;463.16653;463.1003634;463.2326966;1.162790698;10
DO6;463.18177;463.1156012;463.2479388;1.162790698;10
DO7;465.05183;464.985394;465.118266;1.162790698;10
DO8;465.08823;465.0217888;465.1546712;1.162790698;10
DO9;465.12463;465.0581836;465.1910764;1.162790698;10
DO10;465.16103;465.0945784;465.2274816;1.162790698;10
DO11;465.18219;465.1157354;465.2486446;1.162790698;10
DO12;465.19743;465.1309732;465.2638868;1.162790698;10
DO13;467.06749;467.0007661;467.1342139;1.162790698;10
DO14;467.10389;467.0371609;467.1706191;1.162790698;10
DO15;467.14029;467.0735557;467.2070243;1.162790698;10
DO16;467.17669;467.1099505;467.2434295;1.162790698;10
DO17;469.08315;469.0161381;469.1501619;1.162790698;10
DO18;469.09839;469.0313759;469.1654041;1.162790698;10
DO19;469.11955;469.0525329;469.1865671;1.162790698;10
DO1;469.15595;469.0889277;469.2229723;1.162790698;10
DO2;469.19235;469.1253225;469.2593775;1.162790698;10
DO3;471.09881;471.0315102;471.1661098;1.162790698;10
DO4;471.11405;471.046748;471.181352;1.162790698;10
DO5;471.13521;471.067905;471.202515;1.162790698;10
DO6;471.17161;471.1042998;471.2389202;1.162790698;10
DO7;473.09331;473.0257252;473.1608948;1.162790698;10
DO8;473.11447;473.0468822;473.1820578;1.162790698;10
DO9;473.12971;473.06212;473.1973;1.162790698;10
DO10;473.15087;473.083277;473.218463;1.162790698;10
DO11;473.18727;473.1196718;473.2548682;1.162790698;10
DO12;475.07257;475.0047025;475.1404375;1.162790698;10
DO13;475.10897;475.0410973;475.1768427;1.162790698;10
DO14;475.13013;475.0622543;475.1980057;1.162790698;10
DO15;475.14537;475.0774921;475.2132479;1.162790698;10
DO16;475.16653;475.0986491;475.2344109;1.162790698;10
DO17;477.08823;477.0200745;477.1563855;1.162790698;10
DO18;477.12463;477.0564693;477.1927907;1.162790698;10
DO19;477.14579;477.0776263;477.2139537;1.162790698;10
DO1;477.16103;477.0928641;477.2291959;1.162790698;10
DO2;477.18219;477.1140211;477.2503589;1.162790698;10
DO3;479.06749;478.9990518;479.1359282;1.162790698;10
DO4;479.10389;479.0354466;479.1723334;1.162790698;10
DO5;479.14029;479.0718414;479.2087386;1.162790698;10
DO6;479.16145;479.0929984;479.2299016;1.162790698;10
DO7;479.17669;479.1082362;479.2451438;1.162790698;10
DO8;481.08315;481.0144238;481.1518762;1.162790698;10
DO9;481.11955;481.0508186;481.1882814;1.162790698;10
DO10;481.15595;481.0872134;481.2246866;1.162790698;10
DO11;481.17711;481.1083704;481.2458496;1.162790698;10
DO12;481.19235;481.1236082;481.2610918;1.162790698;10
DO13;483.09881;483.0297959;483.1678241;1.162790698;10
DO14;483.13521;483.0661907;483.2042293;1.162790698;10
DO15;483.17161;483.1025855;483.2406345;1.162790698;10
DO16;485.09331;485.024011;485.162609;1.162790698;10
DO17;485.11447;485.0451679;485.1837721;1.162790698;10
DO18;485.15087;485.0815627;485.2201773;1.162790698;10
DO19;485.18727;485.1179575;485.2565825;1.162790698;10
DO20;487.10897;487.039383;487.178557;1.162790698;10
DO1;487.13013;487.06054;487.19972;1.162790698;10
DO2;487.16653;487.0969348;487.2361252;1.162790698;10
DO3;489.08823;489.0183603;489.1580997;1.162790698;10
DO4;489.12463;489.0547551;489.1945049;1.162790698;10
DO5;489.14579;489.075912;489.215668;1.162790698;10
DO6;489.18219;489.1123068;489.2520732;1.162790698;10
DO7;491.06749;490.9973375;491.1376425;1.162790698;10
DO8;491.10389;491.0337323;491.1740477;1.162790698;10
DO9;491.14029;491.0701271;491.2104529;1.162790698;10
DO10;491.16145;491.0912841;491.2316159;1.162790698;10
DO11;493.08315;493.0127096;493.1535905;1.162790698;10
DO12;493.11955;493.0491044;493.1899957;1.162790698;10
DO13;493.15595;493.0854992;493.2264009;1.162790698;10
DO14;493.17711;493.1066561;493.2475639;1.162790698;10
DO15;495.06241;494.9916868;495.1331332;1.162790698;10
DO16;495.09881;495.0280816;495.1695384;1.162790698;10
DO17;495.13521;495.0644764;495.2059436;1.162790698;10
DO18;495.17161;495.1008712;495.2423488;1.162790698;10
DO19;497.07807;497.0070588;497.1490812;1.162790698;10
DO20;497.11447;497.0434536;497.1854864;1.162790698;10
DO1;497.15087;497.0798484;497.2218916;1.162790698;10
DO2;497.18727;497.1162432;497.2582968;1.162790698;10
DO3;499.09373;499.0224309;499.1650291;1.162790698;10
DO4;499.13013;499.0588257;499.2014343;1.162790698;10
DO5;499.16653;499.0952205;499.2378395;1.162790698;10
DO6;501.08823;501.016646;501.159814;1.162790698;10
DO7;501.10939;501.0378029;501.1809771;1.162790698;10
DO8;501.14579;501.0741977;501.2173823;1.162790698;10
DO9;501.18219;501.1105925;501.2537875;1.162790698;10
DO10;503.10389;503.032018;503.175762;1.162790698;10
DO11;503.12505;503.053175;503.196925;1.162790698;10
DO12;503.16145;503.0895698;503.2333302;1.162790698;10
DO13;505.08315;505.0109953;505.1553047;1.162790698;10
DO14;505.11955;505.0473901;505.1917099;1.162790698;10
DO15;505.14071;505.068547;505.212873;1.162790698;10
DO16;505.17711;505.1049418;505.2492782;1.162790698;10
DO17;507.06241;506.9899725;507.1348475;1.162790698;10
DO18;507.09881;507.0263673;507.1712527;1.162790698;10
DO19;507.13521;507.0627621;507.2076579;1.162790698;10
DO20;507.15637;507.0839191;507.2288209;1.162790698;10
DO1;509.07807;509.0053446;509.1507954;1.162790698;10
DO2;509.11447;509.0417394;509.1872006;1.162790698;10
DO3;509.15087;509.0781342;509.2236058;1.162790698;10
DO4;509.17203;509.0992911;509.2447689;1.162790698;10
DO5;511.09373;511.0207166;511.1667434;1.162790698;10
DO6;511.13013;511.0571114;511.2031486;1.162790698;10
DO7;511.16653;511.0935062;511.2395538;1.162790698;10
DO8;513.10939;513.0360887;513.1826913;1.162790698;10
DO9;513.14579;513.0724835;513.2190965;1.162790698;10
DO10;513.18219;513.1088783;513.2555017;1.162790698;10
DO11;515.12505;515.0514607;515.1986393;1.162790698;10
DO12;515.16145;515.0878555;515.2350445;1.162790698;10
DO13;517.08315;517.009281;517.157019;1.162790698;10
DO14;517.14071;517.0668328;517.2145872;1.162790698;10
DO15;517.17711;517.1032276;517.2509924;1.162790698;10
DO16;519.09881;519.024653;519.172967;1.162790698;10
DO17;519.15637;519.0822048;519.2305352;1.162790698;10
DO18;521.07807;521.0036303;521.1525097;1.162790698;10
DO19;521.11447;521.0400251;521.1889149;1.162790698;10
DO20;521.17203;521.0975769;521.2464831;1.162790698;10
DO1;523.05733;522.9826075;523.1320525;1.162790698;10
DO2;523.09373;523.0190023;523.1684577;1.162790698;10
DO3;523.13013;523.0553971;523.2048629;1.162790698;10
DO4;525.07299;524.9979796;525.1480004;1.162790698;10
DO5;525.10939;525.0343744;525.1844056;1.162790698;10
DO6;525.14579;525.0707692;525.2208108;1.162790698;10
DO7;527.08865;527.0133516;527.1639484;1.162790698;10
DO8;527.12505;527.0497464;527.2003536;1.162790698;10
DO9;527.16145;527.0861412;527.2367588;1.162790698;10
DO10;529.10431;529.0287237;529.1798963;1.162790698;10
DO11;529.14071;529.0651185;529.2163015;1.162790698;10
DO12;529.17711;529.1015133;529.2527067;1.162790698;10
DO13;531.11997;531.0440957;531.1958443;1.162790698;10
DO14;531.15637;531.0804905;531.2322495;1.162790698;10
DO15;533.07807;533.001916;533.154224;1.162790698;10
DO16;533.13563;533.0594678;533.2117922;1.162790698;10
DO17;533.17203;533.0958626;533.2481974;1.162790698;10
DO18;535.09373;535.017288;535.170172;1.162790698;10
DO19;535.15129;535.0748398;535.2277402;1.162790698;10
DO20;537.07299;536.9962653;537.1497147;1.162790698;10
DO1;537.10939;537.0326601;537.1861199;1.162790698;10
DO2;537.16695;537.0902119;537.2436881;1.162790698;10
DO3;539.08865;539.0116373;539.1656627;1.162790698;10
DO4;539.12505;539.0480321;539.2020679;1.162790698;10
DO5;541.10431;541.0270094;541.1816106;1.162790698;10
DO6;541.14071;541.0634042;541.2180158;1.162790698;10
DO7;543.11997;543.0423814;543.1975586;1.162790698;10
DO8;543.15637;543.0787762;543.2339638;1.162790698;10
DO9;545.13563;545.0577535;545.2135065;1.162790698;10
DO10;545.17203;545.0941483;545.2499117;1.162790698;10
DO11;547.15129;547.0731255;547.2294545;1.162790698;10
DO12;549.07299;548.994551;549.151429;1.162790698;10
DO13;549.16695;549.0884976;549.2454024;1.162790698;10
DO14;551.08865;551.0099231;551.167377;1.162790698;10
DO15;553.06791;552.9889003;553.1469197;1.162790698;10
DO16;553.10431;553.0252951;553.1833249;1.162790698;10
DO17;555.08357;555.0042723;555.1628677;1.162790698;10
DO18;555.11997;555.0406671;555.1992729;1.162790698;10
DO19;557.09923;557.0196444;557.1788156;1.162790698;10
DO20;557.13563;557.0560392;557.2152208;1.162790698;10
DO1;559.11489;559.0350164;559.1947636;1.162790698;10
DO2;559.15129;559.0714112;559.2311688;1.162790698;10
DO3;561.13055;561.0503885;561.2107115;1.162790698;10
DO4;561.16695;561.0867833;561.2471167;1.162790698;10
DO5;563.14621;563.0657605;563.2266595;1.162790698;10
DO6;565.06791;564.987186;565.148634;1.162790698;10
DO7;565.16187;565.0811326;565.2426074;1.162790698;10
DO8;567.08357;567.0025581;567.1645819;1.162790698;10
DO9;569.09923;569.0179301;569.1805299;1.162790698;10
DO10;571.11489;571.0333022;571.1964778;1.162790698;10
DO11;573.13055;573.0486742;573.2124258;1.162790698;10
DO12;575.14621;575.0640463;575.2283737;1.162790698;10
DO13;577.16187;577.0794183;577.2443217;1.162790698;10
DO14;581.06283;580.979821;581.145839;1.162790698;10
DO15;583.07849;582.9951931;583.1617869;1.162790698;10
DO16;585.09415;585.0105651;585.1777349;1.162790698;10
DO17;587.10981;587.0259372;587.1936828;1.162790698;10
DO18;589.12547;589.0413092;589.2096308;1.162790698;10
DO19;591.14113;591.0566813;591.2255787;1.162790698;10
DO20;593.15679;593.0720533;593.2415267;1.162790698;10
